MAE_01_mean = 0.06880676541228499
MAE_01_mean_conditional = 0.06746961772690115